Matriz original:
9     12    234   198   10    100   45    150   
45    38    23    109   48    49    178   172   
2     56    99    101   34    55    220   243   
59    219   24    97    88    107   39    77    
169   50    91    192   44    85    143   107   

Cuadriculas candidatas:
12  45  0   190 220 90  56  78  89  90  54  110 154 250 230 210 190 5   6   19  90  89  78  45  68  103 76  89  54  23  189 196 221 229 246 123 143 88  177 111 

SOLUCIÓN:
12    6     230   196   5     103   45    154   
45    23    19    110   54    54    177   189   
0     56    90    111   68    76    220   246   
78    221   78    90    88    123   89    89    
190   89    90    190   143   210   229   250   


Coste total: 831
Matriz original:
9     12    234   198   10    100   45    150   
45    38    23    109   48    49    178   172   
2     56    99    101   34    55    220   243   
59    219   24    97    88    107   39    77    
169   50    91    192   44    85    143   107   

Cuadriculas candidatas:
12  45  0   190 220 90  56  78  89  90  54  110 154 250 230 210 190 5   6   19  90  89  78  45  68  103 76  89  54  23  189 196 221 229 246 123 143 88  177 111 

SOLUCIÓN:
12    6     230   196   5     103   45    154   
45    23    19    110   54    54    177   189   
0     56    90    111   68    76    220   246   
78    221   78    90    88    123   89    89    
190   89    90    190   143   210   229   250   


Coste total: 831
Matriz original:
9     12    234   198   10    100   45    150   
45    38    23    109   48    49    178   172   
2     56    99    101   34    55    220   243   
59    219   24    97    88    107   39    77    
169   50    91    192   44    85    143   107   

Cuadriculas candidatas:
12  45  0   190 220 90  56  78  89  90  54  110 154 250 230 210 190 5   6   19  90  89  78  45  68  103 76  89  54  23  189 196 221 229 246 123 143 88  177 111 

SOLUCIÓN:
12    6     230   196   5     103   45    154   
45    23    19    110   54    54    177   189   
0     56    90    111   68    76    220   246   
78    221   78    90    88    123   89    89    
190   89    90    190   143   210   229   250   


Coste total: 831
Matriz original:
0     32    12    
16    14    33    
7     2     10    

Cuadriculas candidatas:
12  5   6   8   1   33  21  22  99  

SOLUCIÓN:
1     33    12    
21    8     22    
6     5     99    


Coste total: 117
